Residue_i Residue_j Distance
249       259       29.732
249       318       31.141
249       349       17.015
249       356       14.230
249       361       18.190
249       367       34.407
249       382       8.459
249       388       14.077
249       390       19.729
259       318       15.393
259       349       23.143
259       356       32.401
259       361       18.381
259       367       14.912
259       382       23.497
259       388       37.331
259       390       43.094
318       349       16.792
318       356       31.283
318       361       16.813
318       367       7.680
318       382       22.787
318       388       33.226
318       390       38.303
349       356       20.177
349       361       12.591
349       367       22.167
349       382       9.274
349       388       18.239
349       390       23.955
356       361       15.198
356       367       32.212
356       382       14.318
356       388       11.026
356       390       14.037
361       367       17.525
361       382       11.229
361       388       20.531
361       390       25.591
367       382       26.372
367       388       36.325
367       390       41.000
382       388       14.878
382       390       21.141
388       390       6.343
